0.15733963
0.19832827
0.098160565
0.090044715
0.09899215
0.10090798
0.122445926
0.1065518
0.09472526
0.08316491
0.14696334
0.18538202
0.13678625
0.098786496
0.14876798
0.13886663
0.07516214
0.12257265
0.16319025
0.10122918
0.1273042
0.16644849
0.11576228
0.1371309
0.15073656
0.13044485
0.2068777
0.1339211
0.16370702
0.11410473
0.087427795
0.10826766
0.09410413
0.09480504
0.12962055
0.11759892
0.08601835
0.116930194
0.10857103
0.1450981
0.0711817
0.18597241
0.14664215
0.10244544
0.11812249
0.1432155
0.0987172
0.12225709
0.15404287
0.09469085
0.09778728
0.17498212
0.123339295
0.15654914
0.12982675
0.12103386
0.07509286
0.09872201
0.09442983
0.07031752
0.0657159
0.08870335
0.13645592
0.12659334
0.09200718
0.09307982
0.08966101
0.122145094
0.11343375
0.113371775
0.09246267
0.08555937
0.120300315
0.1509816
0.08861263
0.13979395
0.086871915
0.12020201
0.12568675
0.15656343
0.10048272
0.14748265
0.06948266
0.07584463
0.14922214
0.12064417
0.064414814
0.06595927
0.11351128
0.10390392
0.09482952
0.078862384
0.055517472
0.09286193
0.13494213
0.11749949
0.07679692
0.07135911
0.11268061
0.1233489
0.08233875
0.15642275
0.090887524
0.08417597
0.08338475
0.12153215
0.1243653
0.14691837
0.106603876
0.108395755
0.056417298
0.13471067
0.112489335
0.10121803
0.076032035
0.09113468
0.08535464
0.096886575
0.093341514
0.16004172
0.07989678
0.1119941
0.0720036
0.14354363
0.105784915
0.112274066
0.060394365
0.17613849
0.15743701
0.10427545
0.100083105
0.10939722
0.10403571
0.13499281
0.10041164
0.078669555
0.05681045
0.101965904
0.10730333
0.06878933
0.049178876
0.1037927
0.2277876
0.04695536
0.07781313
0.06067339
0.06443568
0.07436201
0.105793744
0.19709072
0.051499348
0.06911268
0.08016901
0.07165118
0.079233535
0.09609053
0.095235094
0.08668896
0.12882343
0.13069363
0.08348238
0.08828752
0.13014437
0.097676665
0.13831176
0.05715528
0.059471868
0.06106677
0.13898225
0.073053695
0.08469669
0.08269003
0.061744876
0.19987074
0.1036353
0.10500895
0.06692415
0.05676035
0.06536942
0.060467403
0.051785696
0.0885097
0.06889924
0.05260581
0.083639815
0.112153254
0.107703134
0.081626445
0.08164922
0.05500045
0.0681431
0.06525197
0.048530247
0.050104827
0.04677655
0.10236455
0.04039716
0.06614078
0.09006347
0.05669922
0.1262461
0.102584235
0.06411764
0.06811533
0.057861403
0.05279996
0.09792551
0.09369229
0.08754467
0.051022787
0.08678755
0.06321226
0.06442206
0.093588345
0.07188616
0.068823405
0.09641707
0.051864486
0.07294303
0.051201794
0.053567663
0.08065604
0.093177885
0.0447176
0.0639498
0.057778504
0.04995707
0.07144327
0.07733861
0.067716666
0.04466318
0.04601384
0.10558841
0.051696427
0.07149278
0.09417437
0.061516207
0.088657305
0.063058965
0.07620688
0.07517206
0.072136104
0.08991441
0.051125336
0.09878011
0.056111094
0.04266324
0.07087594
0.062324658
0.055919908
0.064877346
0.055068698
0.049511783
0.05374293
0.098913275
0.0462898
0.05821383
0.05210886
0.08447923
0.047754295
0.06672885
0.07216021
0.058610737
0.09726888
0.07588958
0.06663465
0.10118027
0.07770012
0.06912938
0.05344608
0.0661342
0.09721221
0.054278318
0.05740224
0.06418739
0.09580206
0.054504395
0.06176387
0.04235641
0.059595227
0.04465654
0.077283986
0.079899594
0.04427783
0.058722004
0.0805996
0.065673836
0.04313621
0.069266714
0.044317033
0.050205532
0.057464562
0.047672406
0.070396304
0.05219532
0.045934245
0.048660405
0.049623337
0.08157657
0.053518575
0.031920668
0.035843004
0.06341999
0.06184893
0.042143
0.042298377
0.053234883
0.03505931
0.06765389
0.057251256
0.03666552
0.04028274
0.053357676
0.03650701
0.06889015
0.09906834
0.046447445
0.040944695
0.046586633
0.060683437
0.05508428
0.06954819
0.03452091
0.044108763
0.059793293
0.05055008
0.03060735
0.036291696
0.033990704
0.053172648
0.037041932
0.042056944
0.04818189
0.03314978
0.06409384
0.05808986
0.038071074
0.04111081
0.06555027
0.054333664
0.0418384
0.063532755
0.04491178
0.049578633
0.03630808
0.04377973
0.0861547
0.050810773
0.039649308
0.031022819
0.03914288
0.06004847
0.037863694
0.03240942
0.034942027
0.03926381
0.04093515
0.035309795
0.033900514
0.043549128
0.035719715
0.06453246
0.05094154
0.028688088
0.038118787
0.04639091
0.04559934
0.042402845
0.079583995
0.043293715
0.04762618
0.03479759
0.04363175
0.055846885
0.04843619
0.037216514
0.040345278
0.051083326
0.054317366
0.036490384
0.031459853
0.034480162
0.032659445
0.034632374
0.034142617
0.032636635
0.034013357
0.035074096
0.058590826
0.048805874
0.024651209
0.034989834
0.061581418
0.04442257
0.039892063
0.037875753
0.044131313
0.034202844
0.04281126
0.055163067
0.045327548
0.05608527
0.035986807
0.046559665
0.05426959
0.036126833
0.027833078
0.033748683
0.03652789
0.03381417
0.033434115
0.030682163
0.033663526
0.03156274
0.05520311
0.0401368
0.023015095
0.03054938
0.042770308
0.042249683
0.03964379
0.05978136
0.039059296
0.042688046
0.033512097
0.037480082
0.0757295
0.04640457
0.03541046
0.035351776
0.03696267
0.045917958
0.035239257
0.029534398
0.03259424
0.036284707
0.037036367
0.044048306
0.03727635
0.031119175
0.031651378
0.05499829
0.035387415
0.02101544
0.029307486
0.06182004
0.041673876
0.039349988
0.059587877
0.03435259
0.042641595
0.032010566
0.037335027
0.052449927
0.042928766
0.053656366
0.0342441
0.0377042
0.045778323
0.04227323
0.026397482
0.032492816
0.03278859
0.033007387
0.032966767
0.036135696
0.030971253
0.031553224
0.05294719
0.042831257
0.03041299
0.029310238
0.04157462
0.029185995
